playerLocations:
  965f3bdf-7172-38df-a962-eb12e66612ab:
    world: world
    x: -117.75419804721834
    y: 83.0
    z: -277.25061974392764
    yaw: -62.3992
    pitch: 37.049988
