playerLocations:
  965f3bdf-7172-38df-a962-eb12e66612ab:
    world: world
    x: -127.75695308786028
    y: 70.0
    z: 85.73092311995057
    yaw: 84.74982
    pitch: 30.45004
  e89c1c2b-1d8a-3b19-a6dc-bfd25b2747d3:
    world: world
    x: 27.902532024773564
    y: 79.0
    z: -71.82955200111041
    yaw: -10.350281
    pitch: 17.699968
