playerLocations:
  965f3bdf-7172-38df-a962-eb12e66612ab:
    world: world
    x: -42.48621895142951
    y: 77.0
    z: -2.464000062446602
    yaw: 107.39989
    pitch: 16.650045
  e89c1c2b-1d8a-3b19-a6dc-bfd25b2747d3:
    world: world
    x: 27.902532024773564
    y: 79.0
    z: -71.82955200111041
    yaw: -10.350281
    pitch: 17.699968
  896c2adc-b9ae-3a4b-823b-963b19c0be23:
    world: world
    x: -38.68844778722852
    y: 85.0
    z: 28.83674247230526
    yaw: 12.599579
    pitch: 26.849987
