playerLocations:
  965f3bdf-7172-38df-a962-eb12e66612ab:
    world: world
    x: -25.688637808228233
    y: 63.0
    z: -8.315237377149497
    yaw: 45.899998
    pitch: 12.449989
