playerLocations:
  965f3bdf-7172-38df-a962-eb12e66612ab:
    world: world
    x: -24.291099740500396
    y: 68.0
    z: -30.724164038859325
    yaw: 124.64996
    pitch: 10.799996
  e89c1c2b-1d8a-3b19-a6dc-bfd25b2747d3:
    world: world
    x: 27.902532024773564
    y: 79.0
    z: -71.82955200111041
    yaw: -10.350281
    pitch: 17.699968
  896c2adc-b9ae-3a4b-823b-963b19c0be23:
    world: world
    x: -38.68844778722852
    y: 85.0
    z: 28.83674247230526
    yaw: -116.1004
    pitch: 27.59998
  d1647615-15ed-32eb-ac3e-6a22316ad437:
    world: world
    x: -33.964937986801885
    y: 68.0
    z: -36.48932806700025
    yaw: -103.95011
    pitch: 9.450012
